11157 0.00114297866821 9.17911529541e-05
49766 0.00473403930664 0.000193119049072
7867 0.000250101089478 5.96046447754e-06
9279 0.000290870666504 6.19888305664e-06
3866 0.000123977661133 4.05311584473e-06
38517 0.00120306015015 9.3936920166e-05
72210 0.00236201286316 0.000270128250122
27217 0.000896215438843 2.19345092773e-05
63474 0.0020899772644 0.00019383430481
11750 0.000370979309082 9.05990600586e-06
10980 0.000344038009644 7.15255737305e-06
45503 0.00144696235657 0.000101089477539
20451 0.000638008117676 1.19209289551e-05
44807 0.0014021396637 2.09808349609e-05
97851 0.00331497192383 0.000372886657715
1231 5.10215759277e-05 9.05990600586e-06
90178 0.00287008285522 0.000277996063232
25631 0.000820875167847 1.71661376953e-05
59110 0.0019109249115 0.000144004821777
9133 0.000303983688354 8.82148742676e-06
26631 0.000828981399536 1.28746032715e-05
15691 0.000497102737427 1.00135803223e-05
99663 0.00330996513367 0.000405073165894
61205 0.00193405151367 4.10079956055e-05
88576 0.00284099578857 0.000304937362671
20973 0.000661134719849 1.90734863281e-05
79221 0.00248408317566 0.000231981277466
24375 0.000762939453125 1.50203704834e-05
61255 0.00208806991577 5.10215759277e-05
72407 0.0023148059845 0.000242948532104
8570 0.000272035598755 9.05990600586e-06
94108 0.00314998626709 0.000324964523315
74275 0.00238609313965 0.000268936157227
40063 0.00151515007019 3.19480895996e-05
65618 0.00219702720642 6.60419464111e-05
5815 0.000186920166016 5.96046447754e-06
85594 0.00273394584656 0.000320911407471
82780 0.00258994102478 0.000245094299316
92421 0.00301289558411 0.000321865081787
8307 0.000277042388916 1.28746032715e-05
6021 0.000190019607544 5.00679016113e-06
27340 0.000850915908813 1.90734863281e-05
3307 0.000106811523438 5.00679016113e-06
54658 0.00171494483948 3.09944152832e-05
94315 0.00311088562012 0.000333070755005
71122 0.00257587432861 6.60419464111e-05
5716 0.000184059143066 5.96046447754e-06
15384 0.000478982925415 9.05990600586e-06
98746 0.00325393676758 0.000349044799805
17900 0.000611066818237 2.00271606445e-05
18808 0.000588178634644 1.19209289551e-05
26996 0.000839948654175 2.00271606445e-05
39022 0.00121903419495 2.21729278564e-05
30959 0.000997066497803 1.69277191162e-05
37656 0.00117206573486 1.81198120117e-05
22130 0.000689029693604 1.4066696167e-05
66473 0.00209808349609 4.10079956055e-05
50201 0.00171494483948 4.10079956055e-05
27553 0.000875949859619 1.50203704834e-05
13714 0.000427961349487 8.10623168945e-06
2440 8.10623168945e-05 3.81469726562e-06
59625 0.00188207626343 3.00407409668e-05
43569 0.00137495994568 2.09808349609e-05
42376 0.00131583213806 2.00271606445e-05
93983 0.00316786766052 0.000350952148438
69556 0.00222396850586 5.00679016113e-05
75249 0.00236105918884 0.000255823135376
33368 0.0010449886322 2.00271606445e-05
80926 0.0025749206543 0.000249147415161
77379 0.00242400169373 0.000224828720093
20251 0.000648975372314 1.50203704834e-05
17505 0.000545978546143 1.00135803223e-05
36606 0.00115513801575 1.81198120117e-05
27278 0.000852108001709 1.38282775879e-05
39776 0.00126791000366 2.09808349609e-05
7339 0.000231027603149 6.91413879395e-06
24803 0.000790119171143 1.28746032715e-05
9620 0.00029993057251 6.19888305664e-06
5277 0.000165939331055 4.05311584473e-06
2867 9.20295715332e-05 3.81469726562e-06
11358 0.000354051589966 8.10623168945e-06
21055 0.000664949417114 1.28746032715e-05
10967 0.000341892242432 7.15255737305e-06
38009 0.00118207931519 1.81198120117e-05
80461 0.00253820419312 0.000247001647949
10048 0.000318050384521 1.00135803223e-05
60981 0.00191497802734 5.19752502441e-05
68352 0.00214409828186 4.10079956055e-05
39876 0.00125217437744 2.09808349609e-05
4593 0.000147104263306 5.00679016113e-06
99403 0.00332593917847 0.000370025634766
29089 0.00106000900269 2.88486480713e-05
14967 0.000623941421509 1.31130218506e-05
32581 0.0011248588562 2.28881835938e-05
53983 0.00177407264709 4.41074371338e-05
86689 0.00283598899841 0.000330924987793
96630 0.00327491760254 0.000341892242432
30022 0.000948190689087 2.50339508057e-05
66111 0.00211596488953 4.10079956055e-05
62714 0.0019838809967 3.60012054443e-05
9292 0.000301122665405 7.86781311035e-06
53736 0.00168490409851 2.50339508057e-05
48095 0.00154209136963 2.38418579102e-05
89831 0.00286507606506 0.000320911407471
97752 0.00322723388672 0.000344038009644
54416 0.00175094604492 3.91006469727e-05
38022 0.00118494033813 1.90734863281e-05
3366 0.000108957290649 4.05311584473e-06
69323 0.00218200683594 3.79085540771e-05
79434 0.00251197814941 0.000277042388916
12474 0.000396013259888 1.19209289551e-05
20792 0.000647783279419 1.28746032715e-05
52758 0.00168395042419 3.91006469727e-05
31540 0.000982999801636 1.62124633789e-05
15418 0.000480890274048 9.05990600586e-06
87446 0.00278091430664 0.000291109085083
95188 0.00311398506165 0.000392913818359
74586 0.00244998931885 0.000257968902588
98118 0.00326490402222 0.000343084335327
811 3.60012054443e-05 8.10623168945e-06
38815 0.00121712684631 2.98023223877e-05
28898 0.000946044921875 1.69277191162e-05
13014 0.000405073165894 8.10623168945e-06
44500 0.00138711929321 2.19345092773e-05
38433 0.00119400024414 1.78813934326e-05
31309 0.000978946685791 1.50203704834e-05
12253 0.0003821849823 7.86781311035e-06
34152 0.001060962677 1.62124633789e-05
45121 0.00140690803528 2.09808349609e-05
93904 0.00310111045837 0.000335931777954
48603 0.00154900550842 4.10079956055e-05
99464 0.00334477424622 0.000363826751709
47328 0.00152587890625 3.50475311279e-05
52845 0.00168204307556 2.59876251221e-05
65428 0.00207495689392 3.50475311279e-05
22885 0.000715970993042 1.31130218506e-05
41189 0.00127911567688 2.00271606445e-05
9674 0.000302076339722 6.91413879395e-06
41384 0.001296043396 2.00271606445e-05
75609 0.00240612030029 0.000262975692749
95515 0.00312519073486 0.000524044036865
90476 0.00285911560059 0.000293970108032
99622 0.00367593765259 0.000405073165894
99635 0.00334310531616 0.000356912612915
2123 8.01086425781e-05 9.05990600586e-06
21648 0.000680208206177 1.97887420654e-05
44229 0.00140285491943 3.60012054443e-05
8907 0.000293016433716 7.15255737305e-06
97712 0.00318717956543 0.000350952148438
99451 0.00320887565613 0.000349998474121
33695 0.00107717514038 3.2901763916e-05
93237 0.00304579734802 0.000330924987793
25279 0.000799894332886 2.09808349609e-05
88715 0.00280094146729 0.000284194946289
77326 0.00250220298767 0.000239849090576
33302 0.00104212760925 1.78813934326e-05
77045 0.00248408317566 0.000221967697144
93565 0.00306391716003 0.000319957733154
4603 0.000163078308105 1.09672546387e-05
55583 0.00176787376404 3.40938568115e-05
78904 0.00250697135925 0.000260829925537
13955 0.000442028045654 1.28746032715e-05
67250 0.00211310386658 4.98294830322e-05
9927 0.000312089920044 8.10623168945e-06
10669 0.000332117080688 6.91413879395e-06
28008 0.000892877578735 1.59740447998e-05
97692 0.00325989723206 0.000354051589966
5053 0.000169038772583 1.12056732178e-05
16335 0.000510931015015 1.4066696167e-05
6709 0.000225067138672 5.96046447754e-06
46413 0.0014660358429 2.90870666504e-05
69749 0.00219988822937 4.00543212891e-05
55285 0.00176095962524 3.09944152832e-05
23092 0.000729084014893 1.38282775879e-05
19900 0.000619888305664 1.12056732178e-05
13720 0.000427007675171 7.86781311035e-06
56548 0.00176811218262 2.50339508057e-05
41093 0.00129294395447 2.00271606445e-05
87931 0.00279784202576 0.000331163406372
90449 0.00287699699402 0.000279903411865
20068 0.000632047653198 1.59740447998e-05
95819 0.00313401222229 0.000330924987793
84927 0.00271606445312 0.000277042388916
60744 0.00190615653992 4.79221343994e-05
73513 0.00232315063477 0.000231981277466
46810 0.00149297714233 3.38554382324e-05
64903 0.00205707550049 4.00543212891e-05
66190 0.00207901000977 3.31401824951e-05
94325 0.003249168396 0.000345945358276
24331 0.000772953033447 2.09808349609e-05
97952 0.00383901596069 0.00037693977356
68182 0.00219798088074 5.00679016113e-05
60180 0.00193190574646 3.09944152832e-05
35310 0.00110793113708 1.78813934326e-05
82837 0.00285792350769 0.000349044799805
2189 8.10623168945e-05 9.05990600586e-06
6607 0.000208854675293 5.96046447754e-06
36492 0.00113701820374 1.81198120117e-05
31463 0.000978946685791 1.59740447998e-05
13300 0.000442981719971 1.00135803223e-05
18342 0.000572919845581 1.09672546387e-05
75922 0.00237894058228 0.000226974487305
25516 0.000830888748169 1.59740447998e-05
39713 0.00123691558838 1.90734863281e-05
63897 0.00203680992126 5.31673431396e-05
28713 0.00089693069458 1.50203704834e-05
83344 0.00266289710999 0.000279188156128
86799 0.00278401374817 0.000274896621704
45954 0.00145387649536 2.31266021729e-05
96566 0.00321006774902 0.000334978103638
53495 0.00172686576843 3.88622283936e-05
35383 0.00110220909119 1.78813934326e-05
56659 0.00177502632141 2.69412994385e-05
51927 0.00162982940674 2.40802764893e-05
43453 0.00135111808777 2.00271606445e-05
34397 0.00108814239502 1.69277191162e-05
94031 0.00346803665161 0.00039005279541
58679 0.00204682350159 6.19888305664e-05
81872 0.00264501571655 0.000297069549561
92194 0.00299096107483 0.000302791595459
13171 0.000417947769165 1.19209289551e-05
79911 0.00251197814941 0.000240087509155
11365 0.000357866287231 1.00135803223e-05
95559 0.00333619117737 0.000399112701416
81409 0.00262999534607 0.000268936157227
6674 0.000214099884033 7.86781311035e-06
71799 0.00225901603699 0.00020694732666
65853 0.00206804275513 5.3882598877e-05
23793 0.000746011734009 1.4066696167e-05
76058 0.00243592262268 0.000248908996582
61636 0.00194787979126 4.48226928711e-05
1296 4.60147857666e-05 3.81469726562e-06
72696 0.00228905677795 0.000226974487305
67988 0.00215911865234 6.41345977783e-05
43241 0.00137996673584 2.90870666504e-05
6490 0.000205039978027 5.00679016113e-06
44616 0.00141286849976 2.09808349609e-05
18994 0.000591993331909 1.09672546387e-05
32470 0.00100994110107 1.59740447998e-05
40681 0.00126600265503 1.90734863281e-05
11439 0.000361919403076 8.10623168945e-06
14036 0.000647068023682 1.19209289551e-05
54540 0.00171494483948 3.40938568115e-05
32528 0.00105404853821 1.81198120117e-05
34357 0.00107002258301 1.69277191162e-05
58386 0.00182890892029 2.8133392334e-05
65023 0.0020580291748 3.31401824951e-05
51687 0.00166606903076 2.59876251221e-05
80974 0.00261807441711 0.000298976898193
91025 0.00290393829346 0.000285148620605
85700 0.00272583961487 0.000266075134277
51453 0.00165700912476 4.41074371338e-05
66133 0.00208711624146 4.00543212891e-05
74089 0.0023398399353 0.000247001647949
37609 0.0011739730835 2.00271606445e-05
54039 0.00171709060669 3.50475311279e-05
96598 0.00321078300476 0.000353813171387
10351 0.000333070755005 1.4066696167e-05
29625 0.000921964645386 2.00271606445e-05
41844 0.00132203102112 2.50339508057e-05
89259 0.00281381607056 0.000287055969238
47866 0.00167202949524 4.79221343994e-05
10497 0.000357151031494 7.86781311035e-06
19528 0.00066089630127 1.09672546387e-05
57523 0.00198483467102 3.40938568115e-05
98937 0.00357818603516 0.000398874282837
17199 0.000594854354858 2.21729278564e-05
2406 8.70227813721e-05 5.00679016113e-06
47966 0.0016758441925 3.38554382324e-05
65308 0.0022349357605 3.79085540771e-05
41055 0.00139999389648 2.19345092773e-05
16303 0.000555992126465 1.00135803223e-05
77841 0.00267601013184 0.000293016433716
2129 8.10623168945e-05 6.91413879395e-06
76123 0.00262308120728 0.000241994857788
65749 0.00213003158569 5.29289245605e-05
32781 0.00103211402893 1.81198120117e-05
53403 0.00167202949524 2.59876251221e-05
92402 0.00304913520813 0.000319957733154
15861 0.000504016876221 1.69277191162e-05
64096 0.00204110145569 3.88622283936e-05
99823 0.00325584411621 0.000381946563721
1397 5.48362731934e-05 8.82148742676e-06
2728 8.89301300049e-05 5.00679016113e-06
32690 0.00103712081909 2.50339508057e-05
50313 0.00159406661987 2.90870666504e-05
21896 0.00068187713623 1.21593475342e-05
43745 0.00135898590088 2.00271606445e-05
14114 0.000461101531982 9.05990600586e-06
21654 0.00067400932312 1.12056732178e-05
9913 0.000309944152832 7.15255737305e-06
67970 0.00216889381409 5.10215759277e-05
40602 0.00130295753479 2.78949737549e-05
80199 0.00271201133728 0.000295162200928
80676 0.00254511833191 0.000241994857788
65664 0.00206995010376 6.69956207275e-05
26600 0.000830888748169 1.4066696167e-05
92071 0.00308299064636 0.000327110290527
43916 0.00139188766479 3.60012054443e-05
19509 0.000608921051025 1.12056732178e-05
16418 0.000513792037964 1.00135803223e-05
81328 0.00268006324768 0.000266075134277
86901 0.00275802612305 0.000267028808594
84324 0.00264501571655 0.000252962112427
17802 0.00056004524231 1.31130218506e-05
36712 0.00120806694031 1.97887420654e-05
32847 0.0010449886322 1.62124633789e-05
38181 0.00118803977966 1.78813934326e-05
74096 0.00232815742493 0.00022292137146
4362 0.000141859054565 6.91413879395e-06
24251 0.000811815261841 1.4066696167e-05
77505 0.00243902206421 0.000234127044678
46374 0.00147604942322 3.91006469727e-05
22901 0.000715017318726 1.28746032715e-05
35075 0.00111317634583 1.69277191162e-05
91107 0.00290894508362 0.000308990478516
19671 0.000618934631348 1.69277191162e-05
6731 0.000212907791138 5.96046447754e-06
5696 0.000179052352905 4.05311584473e-06
19451 0.00060510635376 1.09672546387e-05
86944 0.00295209884644 0.000327110290527
96891 0.00322794914246 0.000348091125488
24743 0.000785112380981 2.28881835938e-05
70169 0.00221514701843 4.79221343994e-05
62773 0.00198817253113 3.69548797607e-05
67157 0.00209903717041 3.2901763916e-05
44180 0.00139594078064 2.21729278564e-05
92108 0.00299000740051 0.000334978103638
30825 0.000971078872681 2.88486480713e-05
37748 0.00120306015015 2.50339508057e-05
45716 0.00153589248657 2.31266021729e-05
98082 0.00331497192383 0.000369071960449
74632 0.00238800048828 0.000248908996582
16183 0.00051212310791 1.28746032715e-05
85130 0.00267601013184 0.000256061553955
31387 0.000982999801636 1.90734863281e-05
20017 0.000623941421509 1.19209289551e-05
55654 0.00177907943726 4.29153442383e-05
31247 0.00100016593933 1.78813934326e-05
46317 0.00145816802979 2.28881835938e-05
81154 0.00257110595703 0.00026798248291
66698 0.00209784507751 5.29289245605e-05
59981 0.00188302993774 3.60012054443e-05
25176 0.000880002975464 2.00271606445e-05
31249 0.000986099243164 1.78813934326e-05
68771 0.00237393379211 5.19752502441e-05
96284 0.00317811965942 0.000368118286133
62760 0.00200605392456 4.50611114502e-05
76683 0.00248503684998 0.000258922576904
72951 0.00229716300964 0.000212907791138
71079 0.00222206115723 5.60283660889e-05
89530 0.0028920173645 0.000308036804199
77107 0.00244784355164 0.000233173370361
26293 0.000824213027954 1.59740447998e-05
42005 0.00131511688232 2.00271606445e-05
66363 0.00209498405457 5.81741333008e-05
75170 0.00236701965332 0.000241994857788
75606 0.0024049282074 0.000221967697144
41351 0.00128984451294 2.31266021729e-05
30683 0.000955104827881 1.50203704834e-05
25304 0.000808954238892 1.4066696167e-05
43968 0.00136590003967 2.09808349609e-05
11531 0.00036096572876 8.10623168945e-06
59829 0.00187611579895 4.10079956055e-05
45740 0.00144219398499 2.09808349609e-05
23680 0.000738143920898 1.28746032715e-05
93309 0.00319004058838 0.000417947769165
92247 0.00301599502563 0.000324964523315
50511 0.00160694122314 3.50475311279e-05
34575 0.0010781288147 1.69277191162e-05
45614 0.0014660358429 2.09808349609e-05
52991 0.00169396400452 2.59876251221e-05
56060 0.00176501274109 2.59876251221e-05
9626 0.000302076339722 8.10623168945e-06
19176 0.00059700012207 1.09672546387e-05
86187 0.00273704528809 0.000293016433716
18260 0.000593185424805 1.78813934326e-05
80240 0.00255703926086 0.000247001647949
51272 0.00163006782532 4.19616699219e-05
28568 0.000903129577637 1.59740447998e-05
10926 0.000341892242432 6.91413879395e-06
63857 0.00199294090271 3.40938568115e-05
52789 0.00166201591492 2.59876251221e-05
74853 0.00237417221069 0.000243902206421
76222 0.00240182876587 0.00022292137146
30138 0.000952005386353 1.8835067749e-05
76250 0.00237798690796 0.000219106674194
36700 0.00128483772278 3.60012054443e-05
53506 0.0017249584198 4.31537628174e-05
40377 0.00128889083862 1.97887420654e-05
62355 0.00197100639343 3.19480895996e-05
89954 0.00291895866394 0.000334978103638
66824 0.0021448135376 6.07967376709e-05
17402 0.000546932220459 1.12056732178e-05
10672 0.000332117080688 6.91413879395e-06
79823 0.00267696380615 0.0002760887146
75333 0.00236892700195 0.00022292137146
6462 0.000207901000977 7.86781311035e-06
83158 0.00263094902039 0.000253915786743
46203 0.00150489807129 3.81469726562e-05
32420 0.00100898742676 1.50203704834e-05
60170 0.00191783905029 3.60012054443e-05
32810 0.00102210044861 1.59740447998e-05
31743 0.00100994110107 1.59740447998e-05
4880 0.000161170959473 5.96046447754e-06
41077 0.00127696990967 1.90734863281e-05
70288 0.00220990180969 4.10079956055e-05
38903 0.00121307373047 2.00271606445e-05
77110 0.00243401527405 0.000262975692749
29266 0.000931024551392 1.90734863281e-05
2611 8.51154327393e-05 4.05311584473e-06
21158 0.00065803527832 1.31130218506e-05
60759 0.00192284584045 4.50611114502e-05
48801 0.00153279304504 2.28881835938e-05
12560 0.000390768051147 7.86781311035e-06
53844 0.00172710418701 2.78949737549e-05
30363 0.000946998596191 1.59740447998e-05
6170 0.000194787979126 6.19888305664e-06
45676 0.00154280662537 2.69412994385e-05
78242 0.00255799293518 0.00028395652771
96431 0.00320410728455 0.000339984893799
44267 0.00140595436096 3.88622283936e-05
20304 0.00063419342041 1.09672546387e-05
30028 0.000959873199463 1.62124633789e-05
13389 0.000438213348389 1.00135803223e-05
38442 0.00119495391846 1.81198120117e-05
32064 0.000995874404907 1.62124633789e-05
57463 0.00180888175964 2.98023223877e-05
2813 9.17911529541e-05 3.81469726562e-06
91083 0.00290298461914 0.000328063964844
33361 0.00107002258301 2.09808349609e-05
2505 8.29696655273e-05 4.05311584473e-06
56696 0.00177597999573 4.00543212891e-05
55152 0.00172805786133 2.59876251221e-05
83575 0.00267791748047 0.000288963317871
35583 0.00111794471741 1.97887420654e-05
46887 0.00150513648987 3.2901763916e-05
7866 0.000247955322266 5.96046447754e-06
68385 0.00214290618896 4.29153442383e-05
4817 0.000154972076416 5.00679016113e-06
81861 0.00259900093079 0.000277996063232
31140 0.00098991394043 1.90734863281e-05
22599 0.000704050064087 1.19209289551e-05
83084 0.00264501571655 0.000258207321167
38725 0.00120997428894 2.09808349609e-05
73104 0.00231981277466 0.000216960906982
1059 4.00543212891e-05 5.96046447754e-06
33409 0.00104117393494 1.69277191162e-05
59776 0.00196886062622 6.07967376709e-05
18479 0.00071907043457 2.78949737549e-05
69677 0.00228190422058 5.69820404053e-05
2686 9.10758972168e-05 5.96046447754e-06
71003 0.00223708152771 4.19616699219e-05
9486 0.000300884246826 9.05990600586e-06
80103 0.0027060508728 0.000308990478516
2615 9.01222229004e-05 7.86781311035e-06
91267 0.00291085243225 0.000288009643555
19776 0.000631093978882 2.00271606445e-05
73921 0.00236296653748 0.000226020812988
44021 0.0014431476593 2.59876251221e-05
42392 0.00133895874023 2.19345092773e-05
2208 7.29560852051e-05 3.81469726562e-06
14195 0.000442028045654 7.86781311035e-06
12724 0.000396013259888 8.10623168945e-06
25305 0.000787019729614 1.31130218506e-05
64937 0.00205898284912 5.60283660889e-05
50765 0.0016040802002 2.50339508057e-05
1899 6.98566436768e-05 8.10623168945e-06
42401 0.00131702423096 2.00271606445e-05
80601 0.00261902809143 0.000279903411865
74939 0.00234603881836 0.000218868255615
39851 0.00125503540039 2.19345092773e-05
97185 0.00322604179382 0.000365018844604
6806 0.000224113464355 1.21593475342e-05
56969 0.00178980827332 3.09944152832e-05
13647 0.000427007675171 1.00135803223e-05
49928 0.00156617164612 2.28881835938e-05
49684 0.00157809257507 2.8133392334e-05
75169 0.00236296653748 0.00025200843811
93337 0.00347518920898 0.000366926193237
10878 0.000391960144043 1.50203704834e-05
12367 0.000385999679565 8.10623168945e-06
43555 0.00137090682983 3.31401824951e-05
45684 0.00144100189209 2.00271606445e-05
21768 0.000679016113281 1.19209289551e-05
8100 0.000254154205322 5.96046447754e-06
40148 0.00127196311951 2.00271606445e-05
67151 0.00212001800537 4.29153442383e-05
3760 0.0001220703125 5.00679016113e-06
55071 0.0017249584198 2.59876251221e-05
36931 0.00116586685181 1.8835067749e-05
91475 0.00291109085083 0.000341892242432
61165 0.00194096565247 5.19752502441e-05
6604 0.000210046768188 6.91413879395e-06
40375 0.00126314163208 2.00271606445e-05
90088 0.00284790992737 0.000304937362671
43994 0.00137805938721 2.47955322266e-05
49533 0.00157690048218 3.50475311279e-05
70562 0.00222897529602 4.60147857666e-05
18232 0.000571012496948 1.19209289551e-05
8525 0.000267028808594 5.96046447754e-06
18438 0.000582933425903 1.09672546387e-05
98105 0.00322508811951 0.000359058380127
85296 0.00272083282471 0.000282049179077
60346 0.0019109249115 4.79221343994e-05
77317 0.00243496894836 0.000247001647949
94177 0.0036358833313 0.000378131866455
44603 0.00142693519592 3.91006469727e-05
62803 0.00198411941528 3.2901763916e-05
55733 0.00174593925476 2.69412994385e-05
89678 0.00304293632507 0.000324010848999
92553 0.00307202339172 0.000325918197632
50433 0.00161504745483 3.69548797607e-05
28345 0.000883102416992 1.4066696167e-05
11018 0.00034499168396 7.15255737305e-06
96805 0.00325798988342 0.00034499168396
88863 0.00283312797546 0.000288963317871
63211 0.00199818611145 5.10215759277e-05
86320 0.00275897979736 0.000617027282715
63280 0.00198721885681 5.10215759277e-05
53724 0.00173091888428 2.90870666504e-05
50306 0.00157904624939 2.19345092773e-05
55386 0.00176095962524 2.71797180176e-05
35742 0.00111484527588 1.69277191162e-05
90539 0.00287699699402 0.000307083129883
35338 0.00110721588135 2.09808349609e-05
64978 0.00204086303711 6.38961791992e-05
43245 0.00170993804932 4.81605529785e-05
90259 0.00320792198181 0.000389814376831
17624 0.000617027282715 3.31401824951e-05
15564 0.000506162643433 1.00135803223e-05
33624 0.00106906890869 2.09808349609e-05
17525 0.00058913230896 1.19209289551e-05
9229 0.000288963317871 6.19888305664e-06
58985 0.0019268989563 4.81605529785e-05
73077 0.002357006073 0.000265121459961
10173 0.000323057174683 1.00135803223e-05
75273 0.00238609313965 0.000217914581299
20594 0.000651836395264 1.59740447998e-05
46376 0.00159096717834 4.6968460083e-05
99325 0.00340294837952 0.000380039215088
92167 0.00298285484314 0.000319957733154
34531 0.00110983848572 3.09944152832e-05
15815 0.000494003295898 1.00135803223e-05
75915 0.00243401527405 0.000247001647949
45490 0.00151205062866 2.50339508057e-05
54667 0.00173711776733 3.981590271e-05
51193 0.00160598754883 2.38418579102e-05
76507 0.00245690345764 0.00025200843811
74968 0.0023889541626 0.000221967697144
10149 0.000320911407471 1.00135803223e-05
21067 0.000654935836792 1.21593475342e-05
13357 0.000415802001953 7.86781311035e-06
20869 0.000649929046631 1.12056732178e-05
58156 0.00188398361206 5.81741333008e-05
42245 0.00148892402649 3.60012054443e-05
43765 0.00138902664185 2.19345092773e-05
10163 0.000318050384521 6.91413879395e-06
47875 0.00151109695435 2.90870666504e-05
672 2.59876251221e-05 3.81469726562e-06
19794 0.000651836395264 1.31130218506e-05
25119 0.00078296661377 1.31130218506e-05
61974 0.00198793411255 3.31401824951e-05
41980 0.00134301185608 2.19345092773e-05
51769 0.0017671585083 2.69412994385e-05
23698 0.000769853591919 1.38282775879e-05
75563 0.00241494178772 0.000280141830444
31085 0.00101399421692 2.00271606445e-05
11526 0.000359058380127 8.10623168945e-06
8789 0.000274896621704 7.15255737305e-06
74434 0.0023500919342 0.000227928161621
45674 0.00148606300354 2.40802764893e-05
57966 0.00182414054871 4.29153442383e-05
56625 0.00177311897278 2.59876251221e-05
41085 0.00127911567688 2.00271606445e-05
43825 0.00138711929321 2.09808349609e-05
20028 0.000626087188721 1.09672546387e-05
90935 0.00295090675354 0.000313997268677
18655 0.000590085983276 1.69277191162e-05
28133 0.000874996185303 1.4066696167e-05
79829 0.00249814987183 0.000277996063232
20600 0.00075101852417 2.88486480713e-05
49161 0.00158786773682 3.91006469727e-05
47788 0.00150108337402 2.19345092773e-05
80847 0.00261306762695 0.000286817550659
60534 0.00194501876831 5.29289245605e-05
30121 0.000939846038818 1.59740447998e-05
17112 0.000545978546143 1.21593475342e-05
9766 0.000306129455566 6.91413879395e-06
5586 0.000207901000977 7.15255737305e-06
76665 0.00242400169373 0.000255107879639
24042 0.000755071640015 1.50203704834e-05
349 1.59740447998e-05 4.05311584473e-06
50132 0.00157403945923 3.2901763916e-05
73976 0.00235795974731 0.000235080718994
31744 0.000993013381958 1.81198120117e-05
15497 0.000483989715576 9.05990600586e-06
40087 0.00124597549438 4.6968460083e-05
97964 0.00325989723206 0.000352144241333
25172 0.000797986984253 2.8133392334e-05
69274 0.00219798088074 4.6968460083e-05
60012 0.00188112258911 3.19480895996e-05
10989 0.000344038009644 7.86781311035e-06
20247 0.000630140304565 1.09672546387e-05
4119 0.000132083892822 4.05311584473e-06
23692 0.000773906707764 1.4066696167e-05
13127 0.00041389465332 9.05990600586e-06
27069 0.000841856002808 1.31130218506e-05
94674 0.0031430721283 0.00034499168396
36082 0.0011510848999 3.21865081787e-05
34378 0.00108909606934 1.78813934326e-05
56253 0.00176310539246 3.00407409668e-05
81478 0.00258898735046 0.000272989273071
86727 0.00302290916443 0.000318050384521
70485 0.00223278999329 6.5803527832e-05
15153 0.000475883483887 1.09672546387e-05
20760 0.000658988952637 1.4066696167e-05
37703 0.00117516517639 2.28881835938e-05
26821 0.000872135162354 1.59740447998e-05
91747 0.00292897224426 0.000316858291626
64037 0.00201082229614 5.41210174561e-05
19555 0.000610828399658 1.12056732178e-05
30334 0.000954151153564 1.59740447998e-05
24207 0.000926971435547 1.50203704834e-05
20661 0.00064492225647 1.19209289551e-05
46813 0.00149989128113 2.62260437012e-05
86828 0.00276517868042 0.000302076339722
99503 0.00332188606262 0.000358104705811
62807 0.00201106071472 4.50611114502e-05
83222 0.00265192985535 0.000288009643555
2810 9.70363616943e-05 9.05990600586e-06
11573 0.000363111495972 8.82148742676e-06
61799 0.00194501876831 4.60147857666e-05
22356 0.000696897506714 1.21593475342e-05
89576 0.00286889076233 0.00031304359436
89467 0.00283408164978 0.000274896621704
33680 0.00105619430542 2.00271606445e-05
12189 0.000380039215088 7.86781311035e-06
40869 0.00127100944519 1.90734863281e-05
40858 0.00132894515991 2.78949737549e-05
72470 0.00248193740845 0.000271081924438
52492 0.00165414810181 4.60147857666e-05
28007 0.000872850418091 1.50203704834e-05
30725 0.000990152359009 1.69277191162e-05
87492 0.00284314155579 0.000303030014038
78579 0.00246286392212 0.000234127044678
86089 0.00271415710449 0.000257968902588
47207 0.00151586532593 3.71932983398e-05
36293 0.00115489959717 1.90734863281e-05
63762 0.00200986862183 4.10079956055e-05
41685 0.00131297111511 2.21729278564e-05
13276 0.000412940979004 8.10623168945e-06
54000 0.0017249584198 2.78949737549e-05
48376 0.00151896476746 2.21729278564e-05
13828 0.000432014465332 7.86781311035e-06
79028 0.00254702568054 0.000272989273071
84739 0.00267887115479 0.000255823135376
53012 0.00166606903076 4.00543212891e-05
7311 0.000241994857788 6.91413879395e-06
47988 0.00150489807129 2.09808349609e-05
77592 0.0024950504303 0.000250101089478
47571 0.00149893760681 3.19480895996e-05
62598 0.00196814537048 3.60012054443e-05
11939 0.00037407875061 8.82148742676e-06
69689 0.00218105316162 3.79085540771e-05
8348 0.000282049179077 9.05990600586e-06
88670 0.00312614440918 0.000334024429321
87833 0.00277709960938 0.000286102294922
90481 0.00286793708801 0.000293970108032
9721 0.000324964523315 1.21593475342e-05
88902 0.00278306007385 0.000269174575806
17490 0.000578880310059 1.47819519043e-05
2413 8.01086425781e-05 5.00679016113e-06
25881 0.000805854797363 1.31130218506e-05
90460 0.00284290313721 0.000274181365967
79713 0.00264978408813 0.000269889831543
88871 0.00279688835144 0.00026798248291
99903 0.00334596633911 0.000370025634766
72643 0.00229501724243 0.000231981277466
58985 0.00186204910278 4.50611114502e-05
76609 0.00243496894836 0.000241994857788
17051 0.000543117523193 1.4066696167e-05
40518 0.00127482414246 2.09808349609e-05
97715 0.0032160282135 0.000342845916748
8022 0.000261068344116 1.31130218506e-05
58925 0.00186586380005 3.31401824951e-05
97341 0.00367188453674 0.000383853912354
73457 0.00235795974731 0.000239133834839
44219 0.00139188766479 2.8133392334e-05
89263 0.00283598899841 0.000278949737549
25211 0.000793933868408 1.78813934326e-05
29525 0.000943899154663 1.59740447998e-05
51628 0.00162100791931 3.88622283936e-05
57814 0.00181794166565 3.19480895996e-05
18640 0.000582933425903 1.00135803223e-05
24515 0.000764131546021 1.28746032715e-05
13787 0.00042986869812 9.05990600586e-06
41568 0.00129795074463 2.09808349609e-05
1988 7.29560852051e-05 5.00679016113e-06
39657 0.00123620033264 2.00271606445e-05
99012 0.00329995155334 0.000367164611816
6098 0.000201940536499 1.31130218506e-05
74469 0.00236296653748 0.000239133834839
95227 0.0031521320343 0.000335931777954
9147 0.000293970108032 1.4066696167e-05
74264 0.00236701965332 0.000235080718994
39642 0.00123882293701 2.40802764893e-05
50680 0.00161600112915 3.50475311279e-05
76556 0.00243210792542 0.000244140625
72215 0.00227212905884 0.000208854675293
25709 0.000802993774414 1.50203704834e-05
53687 0.00170493125916 3.60012054443e-05
7892 0.000250101089478 6.91413879395e-06
73698 0.00266885757446 0.000282049179077
83683 0.00269484519958 0.000262022018433
33842 0.00105905532837 1.90734863281e-05
742 2.8133392334e-05 4.05311584473e-06
64022 0.00199794769287 5.3882598877e-05
91417 0.00293803215027 0.000324964523315
2077 7.58171081543e-05 9.05990600586e-06
4920 0.000156879425049 5.00679016113e-06
48506 0.00152707099915 3.79085540771e-05
71139 0.00223994255066 5.60283660889e-05
43216 0.00134897232056 2.28881835938e-05
56999 0.00183796882629 3.00407409668e-05
80607 0.00268387794495 0.000285148620605
11638 0.000381946563721 1.09672546387e-05
88168 0.00277590751648 0.000270128250122
31707 0.00100493431091 1.90734863281e-05
8070 0.000253200531006 6.91413879395e-06
75907 0.00239706039429 0.000298023223877
42849 0.00133895874023 2.40802764893e-05
70347 0.00220799446106 5.91278076172e-05
27822 0.000882863998413 1.69277191162e-05
38085 0.00118517875671 1.8835067749e-05
58251 0.00185894966125 3.2901763916e-05
75312 0.00236797332764 0.000252962112427
16681 0.000524997711182 1.4066696167e-05
89340 0.00282287597656 0.000285148620605
48812 0.00154614448547 4.60147857666e-05
30843 0.00117611885071 2.59876251221e-05
13237 0.000429153442383 9.05990600586e-06
34263 0.00108289718628 1.81198120117e-05
11583 0.000362157821655 6.91413879395e-06
64741 0.00210309028625 4.81605529785e-05
51862 0.001629114151 2.59876251221e-05
98028 0.00330519676208 0.000387907028198
35121 0.00110793113708 3.19480895996e-05
27156 0.000845909118652 1.38282775879e-05
75027 0.00235605239868 0.000239133834839
41638 0.00130295753479 2.59876251221e-05
12869 0.000415802001953 8.82148742676e-06
8976 0.000280857086182 7.15255737305e-06
26376 0.000843048095703 1.4066696167e-05
61266 0.00195693969727 4.60147857666e-05
89770 0.00328397750854 0.000339031219482
31182 0.000986099243164 2.00271606445e-05
49683 0.00159287452698 3.81469726562e-05
48381 0.00152611732483 2.38418579102e-05
70793 0.00224208831787 4.91142272949e-05
44749 0.00141096115112 2.40802764893e-05
70439 0.00220990180969 3.81469726562e-05
6160 0.000195980072021 6.91413879395e-06
68084 0.00216102600098 3.71932983398e-05
9495 0.000298976898193 6.91413879395e-06
20005 0.000622987747192 1.21593475342e-05
42577 0.00132298469543 2.121925354e-05
58667 0.00184202194214 2.90870666504e-05
46679 0.00146913528442 2.19345092773e-05
31495 0.000992059707642 1.59740447998e-05
25592 0.000801086425781 1.31130218506e-05
43207 0.0016610622406 4.00543212891e-05
22659 0.00077486038208 1.28746032715e-05
4525 0.000158071517944 5.00679016113e-06
2177 7.79628753662e-05 4.05311584473e-06
79542 0.00278687477112 0.00031304359436
97668 0.00351905822754 0.000379085540771
92769 0.00325107574463 0.000384092330933
70955 0.00243496894836 5.41210174561e-05
91232 0.0032639503479 0.000349998474121
60109 0.00210189819336 5.69820404053e-05
70583 0.00243496894836 4.50611114502e-05
27393 0.000932931900024 1.71661376953e-05
7015 0.000241041183472 5.96046447754e-06
38617 0.00130486488342 1.8835067749e-05
90403 0.00314283370972 0.000338077545166
91463 0.00291395187378 0.000284194946289
9752 0.000339984893799 1.21593475342e-05
19555 0.000610113143921 1.31130218506e-05
36114 0.00112295150757 1.71661376953e-05
53118 0.0019519329071 4.6968460083e-05
70960 0.00226497650146 4.29153442383e-05
60046 0.00189113616943 3.09944152832e-05
35268 0.00109791755676 1.69277191162e-05
31311 0.000976085662842 1.50203704834e-05
22603 0.000744819641113 1.50203704834e-05
83383 0.00267195701599 0.000310182571411
50027 0.00157809257507 3.79085540771e-05
23397 0.000729084014893 1.19209289551e-05
41361 0.00129508972168 2.00271606445e-05
